[98125,
98115,
98107,
98102,
98119,
98168,
98106,
98109,
98108,
98103,
98115,
98178,
98104,
98103,
98199,
98133,
98119,
98107,
98126,
98118,
98119,
98109,
98103,
98177,
98101,
98107,
98101,
98125,
98117,
98177,
98116,
98112,
98177,
98112,
98107,
98144,
98122,
98101,
98146,
98117,
98122,
98103,
98117,
98103,
98118,
98101,
98101,
98107,
98117,
98119,
98106,
98178,
98133,
98118,
98178,
98126,
98125,
98108,
98178,
98109,
98146,
98118,
98168,
98106,
98115,
98115,
98122,
98101,
98108,
98103,
98109,
98178,
98117,
98119,
98121,
98144,
98106,
98118,
98107,
98133,
98125,
98122,
98122,
98107,
98103,
98102,
98117,
98105,
98121,
98112,
98126,
98133,
98133,
98199,
98102,
98106,
98108,
98104,
98119,
98178,
98121,
98118,
98101,
98133,
98122,
98199,
98115,
98105,
98178,
98136,
98133,
98115,
98121,
98125,
98178,
98133,
98121,
98119,
98107,
98109,
98118,
98144,
98116,
98118,
98119,
98117,
98102,
98122,
98133,
98117,
98122,
98126,
98103,
98101,
98122,
98105,
98103,
98199,
98101,
98118,
98118,
98144,
98101,
98118,
98105,
98125,
98102,
98108,
98122,
98116,
98178,
98125,
98115,
98118,
98102,
98122,
98104,
98122,
98106,
98109,
98126,
98146,
98107,
98146,
98105,
98144,
98125,
98122,
98125,
98106,
98118,
98126,
98101,
98121,
98126,
98101,
98102,
98102,
98103,
98112,
98115,
98118,
98107,
98122,
98103,
98121,
98125,
98107,
98109,
98168,
98119,
98118,
98144,
98108,
98168,
98106,
98146,
98104,
98122,
98168,
98126,
98105,
98122,
98121,
98103,
98122,
98119,
98133,
98105,
98105,
98108,
98121,
98133,
98107,
98101,
98122,
98105,
98101,
98117,
98126,
98102,
98118,
98126,
98117,
98108,
98103,
98119,
98122,
98106,
98107,
98199,
98102,
98103,
98199,
98144,
98108,
98126,
98118,
98118,
98121,
98122,
98133,
98116,
98116,
98144,
98115,
98103,
98109,
98125,
98118,
98116,
98102,
98118,
98118,
98116,
98121,
98109,
98107,
98112,
98105,
98118,
98102,
98121,
98122,
98107,
98112,
98118,
98125,
98112,
98122,
98108,
98116,
98126,
98102,
98133,
98116,
98109,
98109,
98103,
98122,
98103,
98103,
98101,
98104,
98105,
98122,
98122,
98133,
98118,
98108,
98199,
98126,
98119,
98118,
98107,
98104,
98116,
98105,
98122,
98115,
98121,
98101,
98122,
98106,
98122,
98122,
98122,
98126,
98122,
98122,
98118,
98125,
98103,
98108,
98122,
98121,
98116,
98107,
98126,
98103,
98102,
98125,
98119,
98126,
98102,
98103,
98103,
98144,
98199,
98103,
98199,
98109,
98119,
98121,
98105,
98103,
98133,
98168,
98108,
98103,
98121,
98107,
98116,
98109,
98133,
98109,
98126,
98119,
98115,
98115,
98125,
98102,
98104,
98122,
98122,
98112,
98115,
98144,
98136,
98101,
98108,
98112,
98115,
98101,
98122,
98107,
98144,
98105,
98117,
98117,
98136,
98103,
98101,
98109,
98119,
98107,
98115,
98103,
98199,
98144,
98117,
98177,
98112,
98103,
98199,
98122,
98125,
98106,
98102,
98101,
98178,
98112,
98118,
98102,
98104,
98105,
98118,
98109,
98133,
98117,
98104,
98102,
98118,
98107,
98107,
98117,
98107,
98102,
98126,
98115,
98119,
98119,
98126,
98122,
98117,
98125,
98116,
98107,
98144,
98125,
98199,
98199,
98117,
98178,
98115,
98117,
98144,
98102]